digraph Tree {
node [shape=box] ;
0 [label="X[1] <= 14.5\nentropy = 4.625\nsamples = 6017\nvalue = [20, 267, 125, 244, 366, 10, 172, 6, 20, 118, 16\n261, 186, 111, 222, 221, 272, 146, 10, 415, 386\n73, 57, 70, 94, 292, 11, 197, 309, 31, 309, 39\n616, 108, 217]"] ;
1 [label="X[2] <= 3.5\nentropy = 4.625\nsamples = 1229\nvalue = [17, 23, 123, 28, 26, 1, 21, 6, 20, 46, 2, 33\n8, 92, 134, 22, 7, 45, 10, 46, 33, 40, 25, 69\n75, 48, 2, 22, 26, 31, 33, 6, 11, 64, 34]"] ;
0 -> 1 [labeldistance=2.5, labelangle=45, headlabel="True"] ;
2 [label="X[1] <= 1.5\nentropy = 4.546\nsamples = 718\nvalue = [10, 23, 90, 21, 21, 0, 10, 2, 18, 35, 0, 22, 1\n23, 55, 20, 3, 9, 10, 20, 23, 37, 16, 23, 74\n18, 2, 8, 13, 15, 23, 2, 2, 36, 33]"] ;
1 -> 2 ;
3 [label="entropy = 3.919\nsamples = 210\nvalue = [6, 1, 25, 7, 0, 0, 2, 0, 10, 26, 0, 2, 0, 18\n34, 0, 0, 6, 10, 3, 2, 6, 0, 5, 16, 2, 0, 0\n0, 8, 13, 2, 0, 6, 0]"] ;
2 -> 3 ;
4 [label="entropy = 4.444\nsamples = 508\nvalue = [4, 22, 65, 14, 21, 0, 8, 2, 8, 9, 0, 20, 1\n5, 21, 20, 3, 3, 0, 17, 21, 31, 16, 18, 58, 16\n2, 8, 13, 7, 10, 0, 2, 30, 33]"] ;
2 -> 4 ;
5 [label="X[1] <= 7.5\nentropy = 4.225\nsamples = 511\nvalue = [7, 0, 33, 7, 5, 1, 11, 4, 2, 11, 2, 11, 7\n69, 79, 2, 4, 36, 0, 26, 10, 3, 9, 46, 1, 30\n0, 14, 13, 16, 10, 4, 9, 28, 1]"] ;
1 -> 5 ;
6 [label="entropy = 3.348\nsamples = 198\nvalue = [2, 0, 23, 6, 0, 0, 1, 0, 2, 7, 0, 2, 1, 31\n39, 0, 0, 5, 0, 5, 1, 0, 0, 39, 0, 3, 0, 0\n2, 14, 1, 0, 0, 14, 0]"] ;
5 -> 6 ;
7 [label="entropy = 4.324\nsamples = 313\nvalue = [5, 0, 10, 1, 5, 1, 10, 4, 0, 4, 2, 9, 6, 38\n40, 2, 4, 31, 0, 21, 9, 3, 9, 7, 1, 27, 0\n14, 11, 2, 9, 4, 9, 14, 1]"] ;
5 -> 7 ;
8 [label="X[2] <= 28.5\nentropy = 4.307\nsamples = 4788\nvalue = [3, 244, 2, 216, 340, 9, 151, 0, 0, 72, 14, 228\n178, 19, 88, 199, 265, 101, 0, 369, 353, 33, 32\n1, 19, 244, 9, 175, 283, 0, 276, 33, 605, 44\n183]"] ;
0 -> 8 [labeldistance=2.5, labelangle=-45, headlabel="False"] ;
9 [label="X[1] <= 44.5\nentropy = 4.124\nsamples = 2646\nvalue = [3, 84, 2, 48, 237, 6, 42, 0, 0, 15, 13, 217\n108, 15, 85, 83, 237, 32, 0, 33, 174, 33, 26, 0\n19, 120, 9, 139, 112, 0, 238, 4, 441, 36, 35]"] ;
8 -> 9 ;
10 [label="entropy = 4.278\nsamples = 1653\nvalue = [3, 27, 2, 35, 70, 6, 23, 0, 0, 14, 13, 164, 81\n15, 47, 44, 159, 32, 0, 24, 103, 31, 22, 0, 18\n106, 9, 120, 107, 0, 133, 4, 187, 24, 30]"] ;
9 -> 10 ;
11 [label="entropy = 3.479\nsamples = 993\nvalue = [0, 57, 0, 13, 167, 0, 19, 0, 0, 1, 0, 53, 27\n0, 38, 39, 78, 0, 0, 9, 71, 2, 4, 0, 1, 14\n0, 19, 5, 0, 105, 0, 254, 12, 5]"] ;
9 -> 11 ;
12 [label="X[1] <= 65.5\nentropy = 3.997\nsamples = 2142\nvalue = [0, 160, 0, 168, 103, 3, 109, 0, 0, 57, 1, 11\n70, 4, 3, 116, 28, 69, 0, 336, 179, 0, 6, 1, 0\n124, 0, 36, 171, 0, 38, 29, 164, 8, 148]"] ;
8 -> 12 ;
13 [label="entropy = 3.771\nsamples = 1191\nvalue = [0, 16, 0, 122, 24, 3, 80, 0, 0, 34, 1, 3, 49\n4, 3, 47, 1, 69, 0, 259, 69, 0, 6, 1, 0, 98\n0, 29, 149, 0, 8, 24, 27, 7, 58]"] ;
12 -> 13 ;
14 [label="entropy = 3.711\nsamples = 951\nvalue = [0, 144, 0, 46, 79, 0, 29, 0, 0, 23, 0, 8, 21\n0, 0, 69, 27, 0, 0, 77, 110, 0, 0, 0, 0, 26\n0, 7, 22, 0, 30, 5, 137, 1, 90]"] ;
12 -> 14 ;
}
